m=14
n=14
507398,676865,717190,739238,780709,807710,867750,834006,862761,809280,861345,879674,863752,829983,676865,947909,1.00834e+06,1.03827e+06,1.0936e+06,1.12889e+06,1.20276e+06,1.16517e+06,1.22768e+06,1.17448e+06,1.25528e+06,1.28431e+06,1.25504e+06,1.20087e+06,717190,1.00834e+06,1.07644e+06,1.10771e+06,1.16557e+06,1.20185e+06,1.27648e+06,1.24064e+06,1.3185e+06,1.27176e+06,1.36241e+06,1.39575e+06,1.36293e+06,1.30309e+06,739238,1.03827e+06,1.10771e+06,1.14313e+06,1.20438e+06,1.2427e+06,1.32293e+06,1.28172e+06,1.35133e+06,1.29277e+06,1.38166e+06,1.41358e+06,1.38139e+06,1.32225e+06,780709,1.0936e+06,1.16557e+06,1.20438e+06,1.2737e+06,1.3167e+06,1.40802e+06,1.35889e+06,1.4172e+06,1.34167e+06,1.42952e+06,1.46005e+06,1.42816e+06,1.36817e+06,807710,1.12889e+06,1.20185e+06,1.2427e+06,1.3167e+06,1.36643e+06,1.46725e+06,1.41575e+06,1.47205e+06,1.3909e+06,1.48094e+06,1.51209e+06,1.47897e+06,1.41505e+06,867750,1.20276e+06,1.27648e+06,1.32293e+06,1.40802e+06,1.46725e+06,1.59475e+06,1.5272e+06,1.55396e+06,1.43434e+06,1.51629e+06,1.5419e+06,1.51068e+06,1.44719e+06,834006,1.16517e+06,1.24064e+06,1.28172e+06,1.35889e+06,1.41575e+06,1.5272e+06,1.48466e+06,1.56315e+06,1.49725e+06,1.59967e+06,1.63672e+06,1.59727e+06,1.51945e+06,862761,1.22768e+06,1.3185e+06,1.35133e+06,1.4172e+06,1.47205e+06,1.55396e+06,1.56315e+06,1.78688e+06,1.85095e+06,2.02191e+06,2.09503e+06,2.02932e+06,1.90562e+06,809280,1.17448e+06,1.27176e+06,1.29277e+06,1.34167e+06,1.3909e+06,1.43434e+06,1.49725e+06,1.85095e+06,2.05808e+06,2.28864e+06,2.3961e+06,2.31006e+06,2.14743e+06,861345,1.25528e+06,1.36241e+06,1.38166e+06,1.42952e+06,1.48094e+06,1.51629e+06,1.59967e+06,2.02191e+06,2.28864e+06,2.55917e+06,2.6863e+06,2.58785e+06,2.39998e+06,879674,1.28431e+06,1.39575e+06,1.41358e+06,1.46005e+06,1.51209e+06,1.5419e+06,1.63672e+06,2.09503e+06,2.3961e+06,2.6863e+06,2.82601e+06,2.72267e+06,2.52235e+06,863752,1.25504e+06,1.36293e+06,1.38139e+06,1.42816e+06,1.47897e+06,1.51068e+06,1.59727e+06,2.02932e+06,2.31006e+06,2.58785e+06,2.72267e+06,2.64109e+06,2.45913e+06,829983,1.20087e+06,1.30309e+06,1.32225e+06,1.36817e+06,1.41505e+06,1.44719e+06,1.51945e+06,1.90562e+06,2.14743e+06,2.39998e+06,2.52235e+06,2.45913e+06,2.31011e+06