m=14
n=14
544365,720138,763128,785079,826965,854093,914155,881313,919714,871213,929948,951183,933248,896517,720138,998122,1.06159e+06,1.09138e+06,1.14714e+06,1.18256e+06,1.25641e+06,1.21989e+06,1.29366e+06,1.24637e+06,1.33498e+06,1.36741e+06,1.33587e+06,1.2783e+06,763128,1.06159e+06,1.13288e+06,1.16401e+06,1.22234e+06,1.25878e+06,1.33343e+06,1.29869e+06,1.38845e+06,1.34793e+06,1.44685e+06,1.48379e+06,1.44856e+06,1.38511e+06,785079,1.09138e+06,1.16401e+06,1.19926e+06,1.26097e+06,1.29945e+06,1.37967e+06,1.3396e+06,1.42117e+06,1.36893e+06,1.4661e+06,1.50164e+06,1.46703e+06,1.40428e+06,826965,1.14714e+06,1.22234e+06,1.26097e+06,1.33071e+06,1.37385e+06,1.46512e+06,1.41714e+06,1.48756e+06,1.41846e+06,1.51468e+06,1.54888e+06,1.51455e+06,1.45094e+06,854093,1.18256e+06,1.25878e+06,1.29945e+06,1.37385e+06,1.42366e+06,1.52433e+06,1.47401e+06,1.54248e+06,1.46782e+06,1.56626e+06,1.60108e+06,1.56552e+06,1.49802e+06,914155,1.25641e+06,1.33343e+06,1.37967e+06,1.46512e+06,1.52433e+06,1.65155e+06,1.58519e+06,1.62421e+06,1.51117e+06,1.60153e+06,1.63083e+06,1.59717e+06,1.53018e+06,881313,1.21989e+06,1.29869e+06,1.3396e+06,1.41714e+06,1.47401e+06,1.58519e+06,1.54381e+06,1.63466e+06,1.57533e+06,1.68629e+06,1.72707e+06,1.68516e+06,1.60378e+06,919714,1.29366e+06,1.38845e+06,1.42117e+06,1.48756e+06,1.54248e+06,1.62421e+06,1.63466e+06,1.87293e+06,1.94454e+06,2.12567e+06,2.2032e+06,2.13456e+06,2.00653e+06,871213,1.24637e+06,1.34793e+06,1.36893e+06,1.41846e+06,1.46782e+06,1.51117e+06,1.57533e+06,1.94454e+06,2.15955e+06,2.40107e+06,2.51327e+06,2.42407e+06,2.25669e+06,929948,1.33498e+06,1.44685e+06,1.4661e+06,1.51468e+06,1.56626e+06,1.60153e+06,1.68629e+06,2.12567e+06,2.40107e+06,2.68372e+06,2.81611e+06,2.71416e+06,2.521e+06,951183,1.36741e+06,1.48379e+06,1.50164e+06,1.54888e+06,1.60108e+06,1.63083e+06,1.72707e+06,2.2032e+06,2.51327e+06,2.81611e+06,2.96129e+06,2.85432e+06,2.64846e+06,933248,1.33587e+06,1.44856e+06,1.46703e+06,1.51455e+06,1.56552e+06,1.59717e+06,1.68516e+06,2.13456e+06,2.42407e+06,2.71416e+06,2.85432e+06,2.76913e+06,2.58177e+06,896517,1.2783e+06,1.38511e+06,1.40428e+06,1.45094e+06,1.49802e+06,1.53018e+06,1.60378e+06,2.00653e+06,2.25669e+06,2.521e+06,2.64846e+06,2.58177e+06,2.42753e+06